
## compliance-dock
North wall west [[-6.8, 15.8, 0.0], [-2.3, 16.08, 4.4]]
North wall east [[2.3, 15.8, 0.0], [6.8, 16.08, 4.4]]
South wall west [[-6.8, -0.28, 0.0], [-1.2, 0.0, 4.4]]
South wall east [[1.2, -0.28, 0.0], [6.8, 0.0, 4.4]]
East perimeter wall [[6.8, 0.0, 0.0], [7.08, 15.8, 4.4]]
West perimeter wall [[-7.08, 0.0, 0.0], [-6.8, 15.8, 4.4]]
Office front wall west [[-6.8, 3.52, 0.0], [-5.925, 3.68, 3.05]]
Office front wall mid [[-4.875, 3.52, 0.0], [-4.35, 3.68, 3.05]]
Office front wall east [[-2.67, 3.52, 0.0], [-2.4, 3.68, 3.05]]
Office rear wall west [[-6.8, 9.52, 0.0], [-5.925, 9.68, 3.05]]
Office rear wall east [[-4.875, 9.52, 0.0], [-2.4, 9.68, 3.05]]
Support privacy screen wall [[-2.48, 9.8, 0.0], [-2.32, 14.25, 2.7]]
Roof deck ceiling slab [[-6.8, 0.0, 4.4], [6.8, 15.8, 4.44]]

## condenser-bay
WestWall [[-2.08, -0.14, 0.0], [-1.8, 9.54, 6.0]]
EastWall [[9.6, -0.14, 0.0], [9.88, 9.54, 6.0]]
NorthWall [[-2.08, 9.4, 0.0], [9.88, 9.68, 6.0]]
SouthWall west [[-1.8, -0.28, 0.0], [-1.0, 0.0, 6.0]]
SouthWall east [[1.0, -0.28, 0.0], [9.6, 0.0, 6.0]]
SouthWall header [[-1.0, -0.28, 2.4], [1.0, 0.0, 6.0]]
roof girder bot [[-1.65, 1.14, 5.495], [9.45, 1.36, 5.545]]
roof girder web [[-1.65, 1.235, 5.54], [9.45, 1.265, 5.82]]
roof girder top [[-1.65, 1.14, 5.815], [9.45, 1.36, 5.865]]
roof girder bot.001 [[-1.65, 7.74, 5.495], [9.45, 7.96, 5.545]]
roof girder web.001 [[-1.65, 7.835, 5.54], [9.45, 7.865, 5.82]]
roof girder top.001 [[-1.65, 7.74, 5.815], [9.45, 7.96, 5.865]]
roof girder bot.002 [[-1.65, 8.94, 5.495], [9.45, 9.16, 5.545]]
roof girder web.002 [[-1.65, 9.035, 5.54], [9.45, 9.065, 5.82]]
roof girder top.002 [[-1.65, 8.94, 5.815], [9.45, 9.16, 5.865]]
CD shell [[1.15, 2.825, 1.72], [4.85, 5.275, 4.62]]

## cooling-plant
WestWall [[-5.8, 0.0, 0.0], [-5.5, 13.0, 5.8]]
wall control joint [[-5.491, 0.995, 1.15], [-5.484, 1.005, 5.55]]
wall control joint.001 [[-5.491, 2.995, 1.15], [-5.484, 3.005, 5.55]]
wall control joint.002 [[-5.491, 4.995, 1.15], [-5.484, 5.005, 5.55]]
wall control joint.003 [[-5.491, 6.995, 1.15], [-5.484, 7.005, 5.55]]
wall control joint.004 [[-5.491, 8.995, 1.15], [-5.484, 9.005, 5.55]]
wall control joint.005 [[-5.491, 10.995, 1.15], [-5.484, 11.005, 5.55]]
wall control joint.006 [[-5.491, 12.995, 1.15], [-5.484, 13.005, 5.55]]
roof girder lower flange [[-5.5, 1.485, 5.385], [5.5, 1.715, 5.435]]
roof girder web [[-5.5, 1.587, 5.41], [5.5, 1.613, 5.75]]
roof girder top flange [[-5.5, 1.485, 5.735], [5.5, 1.715, 5.785]]
roof girder lower flange.001 [[-5.5, 5.485, 5.385], [5.5, 5.715, 5.435]]
roof girder web.001 [[-5.5, 5.588, 5.41], [5.5, 5.612, 5.75]]
roof girder top flange.001 [[-5.5, 5.485, 5.735], [5.5, 5.715, 5.785]]
roof girder lower flange.002 [[-5.5, 9.685, 5.385], [5.5, 9.915, 5.435]]
roof girder web.002 [[-5.5, 9.788, 5.41], [5.5, 9.812, 5.75]]
roof girder top flange.002 [[-5.5, 9.685, 5.735], [5.5, 9.915, 5.785]]
roof girder lower flange.003 [[-5.5, 12.785, 5.385], [5.5, 13.015, 5.435]]
roof girder web.003 [[-5.5, 12.887, 5.41], [5.5, 12.912, 5.75]]
roof girder top flange.003 [[-5.5, 12.785, 5.735], [5.5, 13.015, 5.785]]
RearWall [[-5.8, 13.0, 0.0], [5.8, 13.3, 5.8]]
Alcove wall west [[-5.5, 9.9, 0.0], [-4.7, 10.06, 3.3]]
Alcove wall east [[-3.5, 9.9, 0.0], [-1.6, 10.06, 3.3]]
EastWall [[5.5, 0.0, 0.0], [5.8, 13.0, 5.8]]
wall control joint.007 [[5.484, 0.995, 1.15], [5.491, 1.005, 5.55]]
wall control joint.008 [[5.484, 2.995, 1.15], [5.491, 3.005, 5.55]]
wall control joint.009 [[5.484, 4.995, 1.15], [5.491, 5.005, 5.55]]
wall control joint.010 [[5.484, 6.995, 1.15], [5.491, 7.005, 5.55]]
wall control joint.011 [[5.484, 8.995, 1.15], [5.491, 9.005, 5.55]]
wall control joint.012 [[5.484, 10.995, 1.15], [5.491, 11.005, 5.55]]
wall control joint.013 [[5.484, 12.995, 1.15], [5.491, 13.005, 5.55]]

## electrical-room
West wall [[-5.75, 0.0, 0.0], [-5.5, 16.4, 4.8]]
Wall pilaster [[-5.5, 0.875, 0.0], [-5.34, 1.125, 4.8]]
Wall pilaster.001 [[-5.5, 6.575, 0.0], [-5.34, 6.825, 4.8]]
Wall pilaster.002 [[-5.5, 11.375, 0.0], [-5.34, 11.625, 4.8]]
Wall pilaster.003 [[-5.5, 16.025, 0.0], [-5.34, 16.275, 4.8]]
Damp-proof concrete curb [[-5.5, 0.0, 0.0], [-5.36, 16.4, 0.2]]
East structural wall [[5.5, 0.0, 0.0], [5.75, 11.0, 4.8]]
East structural wall.001 [[5.5, 15.4, 0.0], [5.75, 16.4, 4.8]]
Wall pilaster.004 [[5.34, 0.875, 0.0], [5.5, 1.125, 4.8]]
Wall pilaster.005 [[5.34, 6.575, 0.0], [5.5, 6.825, 4.8]]
Wall pilaster.006 [[5.34, 11.375, 0.0], [5.5, 11.625, 4.8]]
Wall pilaster.007 [[5.34, 16.025, 0.0], [5.5, 16.275, 4.8]]
Damp-proof concrete curb.001 [[5.36, 0.0, 0.0], [5.5, 11.0, 0.2]]
Portal wall return [[-5.5, -0.25, 0.0], [-1.2, 0.0, 4.8]]
Portal wall return.001 [[1.2, -0.25, 0.0], [5.5, 0.0, 4.8]]
Portal wall return.002 [[-5.5, 16.4, 0.0], [-1.2, 16.65, 4.8]]
Portal wall return.003 [[1.2, 16.4, 0.0], [5.5, 16.65, 4.8]]
Reserve east wall [[8.3, 10.75, 0.0], [8.55, 15.65, 3.6]]
Reserve south wall [[5.5, 10.75, 0.0], [8.3, 11.0, 3.6]]
Reserve north wall [[5.5, 15.4, 0.0], [8.3, 15.65, 3.6]]

## fuel-corridor
Wall_S16.2_0_-5.4_concrete [[-5.4, 15.86, 0.0], [-1.2, 16.16, 3.0]]
Wall_N18.6_0_-5.4_concrete [[-5.4, 18.64, 0.0], [-1.5, 18.94, 3.0]]
Wall_S1.2_0_-2.2_concrete [[-2.2, 0.86, 0.0], [-1.6, 1.16, 4.4]]
Wall_S1.2_0_-2.2_vertical_web [[-2.105, 1.2, 0.0], [-2.035, 1.36, 4.4]]
Wall_S1.2_0_-2.2_vertical_flange [[-2.175, 1.204, 0.0], [-1.965, 1.232, 4.4]]
Wall_S1.2_0_-2.2_vertical_flange.001 [[-2.175, 1.332, 0.0], [-1.965, 1.36, 4.4]]
Wall_S1.2_0_-2.2_vertical_web.001 [[-1.765, 1.2, 0.0], [-1.695, 1.36, 4.4]]
Wall_S1.2_0_-2.2_vertical_flange.002 [[-1.835, 1.204, 0.0], [-1.625, 1.232, 4.4]]
Wall_S1.2_0_-2.2_vertical_flange.003 [[-1.835, 1.332, 0.0], [-1.625, 1.36, 4.4]]
Wall_S1.2_1_1.6_concrete [[1.6, 0.86, 0.0], [2.2, 1.16, 4.4]]
Wall_S1.2_1_1.6_vertical_web [[1.695, 1.2, 0.0], [1.765, 1.36, 4.4]]
Wall_S1.2_1_1.6_vertical_flange [[1.625, 1.204, 0.0], [1.835, 1.232, 4.4]]
Wall_S1.2_1_1.6_vertical_flange.001 [[1.625, 1.332, 0.0], [1.835, 1.36, 4.4]]
Wall_S1.2_1_1.6_vertical_web.001 [[2.035, 1.2, 0.0], [2.105, 1.36, 4.4]]
Wall_S1.2_1_1.6_vertical_flange.002 [[1.965, 1.204, 0.0], [2.175, 1.232, 4.4]]
Wall_S1.2_1_1.6_vertical_flange.003 [[1.965, 1.332, 0.0], [2.175, 1.36, 4.4]]
Wall_W-2.2_0_1.2_concrete [[-2.54, 1.2, 0.0], [-2.24, 13.2, 4.4]]
Wall_W-2.2_0_1.2_vertical_web [[-2.2, 13.035, 0.0], [-2.04, 13.105, 4.4]]
Wall_W-2.2_0_1.2_vertical_flange [[-2.196, 12.965, 0.0], [-2.168, 13.175, 4.4]]
Wall_W-2.2_0_1.2_vertical_flange.001 [[-2.068, 12.965, 0.0], [-2.04, 13.175, 4.4]]
Wall_W-2.2_0_1.2_vertical_web.001 [[-2.2, 11.165, 0.0], [-2.04, 11.235, 4.4]]
Wall_W-2.2_0_1.2_vertical_flange.002 [[-2.196, 11.095, 0.0], [-2.168, 11.305, 4.4]]
Wall_W-2.2_0_1.2_vertical_flange.003 [[-2.068, 11.095, 0.0], [-2.04, 11.305, 4.4]]
Wall_W-2.2_0_1.2_vertical_web.002 [[-2.2, 9.165, 0.0], [-2.04, 9.235, 4.4]]
Wall_W-2.2_0_1.2_vertical_flange.004 [[-2.196, 9.095, 0.0], [-2.168, 9.305, 4.4]]
Wall_W-2.2_0_1.2_vertical_flange.005 [[-2.068, 9.095, 0.0], [-2.04, 9.305, 4.4]]
Wall_W-2.2_0_1.2_vertical_web.003 [[-2.2, 7.165, 0.0], [-2.04, 7.235, 4.4]]
Wall_W-2.2_0_1.2_vertical_flange.006 [[-2.196, 7.095, 0.0], [-2.168, 7.305, 4.4]]
Wall_W-2.2_0_1.2_vertical_flange.007 [[-2.068, 7.095, 0.0], [-2.04, 7.305, 4.4]]
Wall_W-2.2_0_1.2_vertical_web.004 [[-2.2, 5.165, 0.0], [-2.04, 5.235, 4.4]]
Wall_W-2.2_0_1.2_vertical_flange.008 [[-2.196, 5.095, 0.0], [-2.168, 5.305, 4.4]]
Wall_W-2.2_0_1.2_vertical_flange.009 [[-2.068, 5.095, 0.0], [-2.04, 5.305, 4.4]]
Wall_W-2.2_0_1.2_vertical_web.005 [[-2.2, 3.165, 0.0], [-2.04, 3.235, 4.4]]
Wall_W-2.2_0_1.2_vertical_flange.010 [[-2.196, 3.095, 0.0], [-2.168, 3.305, 4.4]]
Wall_W-2.2_0_1.2_vertical_flange.011 [[-2.068, 3.095, 0.0], [-2.04, 3.305, 4.4]]
Wall_W-2.2_0_1.2_vertical_web.006 [[-2.2, 1.295, 0.0], [-2.04, 1.365, 4.4]]
Wall_W-2.2_0_1.2_vertical_flange.012 [[-2.196, 1.225, 0.0], [-2.168, 1.435, 4.4]]
Wall_W-2.2_0_1.2_vertical_flange.013 [[-2.068, 1.225, 0.0], [-2.04, 1.435, 4.4]]
Wall_W-2.2_0_1.2_panel_joint [[-2.208, 10.794, 1.3], [-2.192, 10.806, 4.4]]
Wall_W-2.2_0_1.2_panel_joint.001 [[-2.208, 8.394, 1.3], [-2.192, 8.406, 4.4]]
Wall_W-2.2_0_1.2_panel_joint.002 [[-2.208, 5.994, 1.3], [-2.192, 6.006, 4.4]]
Wall_W-2.2_0_1.2_panel_joint.003 [[-2.208, 3.594, 1.3], [-2.192, 3.606, 4.4]]
Wall_N13.2_0_-2.2_concrete [[-2.2, 13.24, 0.0], [-1.2, 13.54, 4.4]]
Wall_N13.2_0_-2.2_vertical_web [[-1.365, 13.04, 0.0], [-1.295, 13.2, 4.4]]
Wall_N13.2_0_-2.2_vertical_flange [[-1.435, 13.168, 0.0], [-1.225, 13.196, 4.4]]
Wall_N13.2_0_-2.2_vertical_flange.001 [[-1.435, 13.04, 0.0], [-1.225, 13.068, 4.4]]
Wall_N13.2_0_-2.2_vertical_web.001 [[-2.105, 13.04, 0.0], [-2.035, 13.2, 4.4]]
Wall_N13.2_0_-2.2_vertical_flange.002 [[-2.175, 13.168, 0.0], [-1.965, 13.196, 4.4]]
Wall_N13.2_0_-2.2_vertical_flange.003 [[-2.175, 13.04, 0.0], [-1.965, 13.068, 4.4]]
Wall_N13.2_1_1.2_concrete [[1.2, 13.24, 0.0], [4.4, 13.54, 4.4]]
Wall_N13.2_1_1.2_vertical_web [[4.235, 13.04, 0.0], [4.305, 13.2, 4.4]]
Wall_N13.2_1_1.2_vertical_flange [[4.165, 13.168, 0.0], [4.375, 13.196, 4.4]]
Wall_N13.2_1_1.2_vertical_flange.001 [[4.165, 13.04, 0.0], [4.375, 13.068, 4.4]]
Wall_N13.2_1_1.2_vertical_web.001 [[2.765, 13.04, 0.0], [2.835, 13.2, 4.4]]
Wall_N13.2_1_1.2_vertical_flange.002 [[2.695, 13.168, 0.0], [2.905, 13.196, 4.4]]
Wall_N13.2_1_1.2_vertical_flange.003 [[2.695, 13.04, 0.0], [2.905, 13.068, 4.4]]
Wall_N13.2_1_1.2_vertical_web.002 [[1.295, 13.04, 0.0], [1.365, 13.2, 4.4]]
Wall_N13.2_1_1.2_vertical_flange.004 [[1.225, 13.168, 0.0], [1.435, 13.196, 4.4]]
Wall_N13.2_1_1.2_vertical_flange.005 [[1.225, 13.04, 0.0], [1.435, 13.068, 4.4]]
Wall_N13.2_1_1.2_panel_joint [[2.794, 13.192, 1.3], [2.806, 13.208, 4.4]]
Wall_N13.2_2_10_concrete [[10.0, 13.24, 0.0], [12.0, 13.54, 4.4]]
Wall_N13.2_2_10_vertical_web [[11.835, 13.04, 0.0], [11.905, 13.2, 4.4]]
Wall_N13.2_2_10_vertical_flange [[11.765, 13.168, 0.0], [11.975, 13.196, 4.4]]
Wall_N13.2_2_10_vertical_flange.001 [[11.765, 13.04, 0.0], [11.975, 13.068, 4.4]]
Wall_N13.2_2_10_vertical_web.001 [[10.095, 13.04, 0.0], [10.165, 13.2, 4.4]]
Wall_N13.2_2_10_vertical_flange.002 [[10.025, 13.168, 0.0], [10.235, 13.196, 4.4]]
Wall_N13.2_2_10_vertical_flange.003 [[10.025, 13.04, 0.0], [10.235, 13.068, 4.4]]
Wall_S0_0_-1.6_concrete [[-1.6, 0.0, 0.0], [-1.42, 0.3, 3.9]]
Wall_S0_0_-1.6_vertical_web [[-1.545, 0.34, 0.0], [-1.475, 0.5, 3.9]]
Wall_S0_0_-1.6_vertical_flange [[-1.615, 0.344, 0.0], [-1.405, 0.372, 3.9]]
Wall_S0_0_-1.6_vertical_flange.001 [[-1.615, 0.472, 0.0], [-1.405, 0.5, 3.9]]
Wall_S0_0_1.42_concrete [[1.42, 0.0, 0.0], [1.6, 0.3, 3.9]]
Wall_S0_0_1.42_vertical_web [[1.475, 0.34, 0.0], [1.545, 0.5, 3.9]]
Wall_S0_0_1.42_vertical_flange [[1.405, 0.344, 0.0], [1.615, 0.372, 3.9]]
Wall_S0_0_1.42_vertical_flange.001 [[1.405, 0.472, 0.0], [1.615, 0.5, 3.9]]
Wall_W-1.6_0_0_concrete [[-1.94, -0.0, 0.0], [-1.64, 1.2, 3.9]]
Wall_W-1.6_0_0_vertical_web [[-1.6, 1.035, 0.0], [-1.44, 1.105, 3.9]]
Wall_W-1.6_0_0_vertical_flange [[-1.596, 0.965, 0.0], [-1.568, 1.175, 3.9]]
Wall_W-1.6_0_0_vertical_flange.001 [[-1.468, 0.965, 0.0], [-1.44, 1.175, 3.9]]
Wall_W-1.6_0_0_vertical_web.001 [[-1.6, 0.095, 0.0], [-1.44, 0.165, 3.9]]
Wall_W-1.6_0_0_vertical_flange.002 [[-1.596, 0.025, 0.0], [-1.568, 0.235, 3.9]]
Wall_W-1.6_0_0_vertical_flange.003 [[-1.468, 0.025, 0.0], [-1.44, 0.235, 3.9]]
Wall_N21_0_-1.5_concrete [[-1.5, 21.04, 0.0], [5.48, 21.34, 3.0]]
Wall_N21_0_7.72_concrete [[7.72, 21.04, 0.0], [11.4, 21.34, 3.0]]
Wall_E1.2_0_13.2_concrete [[1.24, 13.2, 0.0], [1.54, 18.0, 3.0]]
Wall_E1.6_0_0_concrete [[1.64, -0.0, 0.0], [1.94, 1.2, 3.9]]
Wall_E1.6_0_0_vertical_web [[1.44, 0.095, 0.0], [1.6, 0.165, 3.9]]
Wall_E1.6_0_0_vertical_flange [[1.568, 0.025, 0.0], [1.596, 0.235, 3.9]]
Wall_E1.6_0_0_vertical_flange.001 [[1.44, 0.025, 0.0], [1.468, 0.235, 3.9]]
Wall_E1.6_0_0_vertical_web.001 [[1.44, 1.035, 0.0], [1.6, 1.105, 3.9]]
Wall_E1.6_0_0_vertical_flange.002 [[1.568, 0.965, 0.0], [1.596, 1.175, 3.9]]
Wall_E1.6_0_0_vertical_flange.003 [[1.44, 0.965, 0.0], [1.468, 1.175, 3.9]]
Wall_S18.0_0_1.2_concrete [[1.2, 17.66, 0.0], [12.0, 17.96, 3.0]]
Wall_E2.2_0_1.2_concrete [[2.24, 1.2, 0.0], [2.54, 7.0, 4.4]]
Wall_E2.2_0_1.2_vertical_web [[2.04, 1.295, 0.0], [2.2, 1.365, 4.4]]
Wall_E2.2_0_1.2_vertical_flange [[2.168, 1.225, 0.0], [2.196, 1.435, 4.4]]
Wall_E2.2_0_1.2_vertical_flange.001 [[2.04, 1.225, 0.0], [2.068, 1.435, 4.4]]
Wall_E2.2_0_1.2_vertical_web.001 [[2.04, 3.098, 0.0], [2.2, 3.168, 4.4]]
Wall_E2.2_0_1.2_vertical_flange.002 [[2.168, 3.028, 0.0], [2.196, 3.238, 4.4]]
Wall_E2.2_0_1.2_vertical_flange.003 [[2.04, 3.028, 0.0], [2.068, 3.238, 4.4]]
Wall_E2.2_0_1.2_vertical_web.002 [[2.04, 5.032, 0.0], [2.2, 5.102, 4.4]]
Wall_E2.2_0_1.2_vertical_flange.004 [[2.168, 4.962, 0.0], [2.196, 5.172, 4.4]]
Wall_E2.2_0_1.2_vertical_flange.005 [[2.04, 4.962, 0.0], [2.068, 5.172, 4.4]]
Wall_E2.2_0_1.2_vertical_web.003 [[2.04, 6.835, 0.0], [2.2, 6.905, 4.4]]
Wall_E2.2_0_1.2_vertical_flange.006 [[2.168, 6.765, 0.0], [2.196, 6.975, 4.4]]
Wall_E2.2_0_1.2_vertical_flange.007 [[2.04, 6.765, 0.0], [2.068, 6.975, 4.4]]
Wall_E2.2_0_1.2_panel_joint [[2.192, 3.127, 1.3], [2.208, 3.139, 4.4]]
Wall_E2.2_0_1.2_panel_joint.001 [[2.192, 5.061, 1.3], [2.208, 5.073, 4.4]]
Wall_S7_0_2.2_concrete [[2.2, 6.66, 0.0], [4.4, 6.96, 4.4]]
Wall_S7_0_2.2_vertical_web [[2.295, 7.0, 0.0], [2.365, 7.16, 4.4]]
Wall_S7_0_2.2_vertical_flange [[2.225, 7.004, 0.0], [2.435, 7.032, 4.4]]
Wall_S7_0_2.2_vertical_flange.001 [[2.225, 7.132, 0.0], [2.435, 7.16, 4.4]]
Wall_S7_0_2.2_vertical_web.001 [[4.235, 7.0, 0.0], [4.305, 7.16, 4.4]]
Wall_S7_0_2.2_vertical_flange.002 [[4.165, 7.004, 0.0], [4.375, 7.032, 4.4]]
Wall_S7_0_2.2_vertical_flange.003 [[4.165, 7.132, 0.0], [4.375, 7.16, 4.4]]
Wall_S7_1_10_concrete [[10.0, 6.66, 0.0], [16.4, 6.96, 4.4]]
Wall_S7_1_10_vertical_web [[10.095, 7.0, 0.0], [10.165, 7.16, 4.4]]
Wall_S7_1_10_vertical_flange [[10.025, 7.004, 0.0], [10.235, 7.032, 4.4]]
Wall_S7_1_10_vertical_flange.001 [[10.025, 7.132, 0.0], [10.235, 7.16, 4.4]]
Wall_S7_1_10_vertical_web.001 [[12.098, 7.0, 0.0], [12.168, 7.16, 4.4]]
Wall_S7_1_10_vertical_flange.002 [[12.028, 7.004, 0.0], [12.238, 7.032, 4.4]]
Wall_S7_1_10_vertical_flange.003 [[12.028, 7.132, 0.0], [12.238, 7.16, 4.4]]
Wall_S7_1_10_vertical_web.002 [[14.232, 7.0, 0.0], [14.302, 7.16, 4.4]]
Wall_S7_1_10_vertical_flange.004 [[14.162, 7.004, 0.0], [14.372, 7.032, 4.4]]
Wall_S7_1_10_vertical_flange.005 [[14.162, 7.132, 0.0], [14.372, 7.16, 4.4]]
Wall_S7_1_10_vertical_web.003 [[16.235, 7.0, 0.0], [16.305, 7.16, 4.4]]
Wall_S7_1_10_vertical_flange.006 [[16.165, 7.004, 0.0], [16.375, 7.032, 4.4]]
Wall_S7_1_10_vertical_flange.007 [[16.165, 7.132, 0.0], [16.375, 7.16, 4.4]]
Wall_S7_1_10_panel_joint [[12.127, 6.992, 1.3], [12.139, 7.008, 4.4]]
Wall_S7_1_10_panel_joint.001 [[14.261, 6.992, 1.3], [14.273, 7.008, 4.4]]
Wall_E4.4_0_7_concrete [[4.44, 7.0, 0.0], [4.74, 7.8, 4.4]]
Wall_E4.4_0_7_vertical_web [[4.24, 7.095, 0.0], [4.4, 7.165, 4.4]]
Wall_E4.4_0_7_vertical_flange [[4.368, 7.025, 0.0], [4.396, 7.235, 4.4]]
Wall_E4.4_0_7_vertical_flange.001 [[4.24, 7.025, 0.0], [4.268, 7.235, 4.4]]
Wall_E4.4_0_7_vertical_web.001 [[4.24, 7.635, 0.0], [4.4, 7.705, 4.4]]
Wall_E4.4_0_7_vertical_flange.002 [[4.368, 7.565, 0.0], [4.396, 7.775, 4.4]]
Wall_E4.4_0_7_vertical_flange.003 [[4.24, 7.565, 0.0], [4.268, 7.775, 4.4]]
Wall_E4.4_1_12.2_concrete [[4.44, 12.2, 0.0], [4.74, 13.2, 4.4]]
Wall_E4.4_1_12.2_vertical_web [[4.24, 12.295, 0.0], [4.4, 12.365, 4.4]]
Wall_E4.4_1_12.2_vertical_flange [[4.368, 12.225, 0.0], [4.396, 12.435, 4.4]]
Wall_E4.4_1_12.2_vertical_flange.001 [[4.24, 12.225, 0.0], [4.268, 12.435, 4.4]]
Wall_E4.4_1_12.2_vertical_web.001 [[4.24, 13.035, 0.0], [4.4, 13.105, 4.4]]
Wall_E4.4_1_12.2_vertical_flange.002 [[4.368, 12.965, 0.0], [4.396, 13.175, 4.4]]
Wall_E4.4_1_12.2_vertical_flange.003 [[4.24, 12.965, 0.0], [4.268, 13.175, 4.4]]
Wall_S7.8_0_4.4_concrete [[4.4, 7.46, 0.0], [6.07, 7.76, 4.4]]
Wall_S7.8_0_4.4_vertical_web [[4.495, 7.8, 0.0], [4.565, 7.96, 4.4]]
Wall_S7.8_0_4.4_vertical_flange [[4.425, 7.804, 0.0], [4.635, 7.832, 4.4]]
Wall_S7.8_0_4.4_vertical_flange.001 [[4.425, 7.932, 0.0], [4.635, 7.96, 4.4]]
Wall_S7.8_0_4.4_vertical_web.001 [[5.905, 7.8, 0.0], [5.975, 7.96, 4.4]]
Wall_S7.8_0_4.4_vertical_flange.002 [[5.835, 7.804, 0.0], [6.045, 7.832, 4.4]]
Wall_S7.8_0_4.4_vertical_flange.003 [[5.835, 7.932, 0.0], [6.045, 7.96, 4.4]]
Wall_S7.8_1_6.78_concrete [[6.78, 7.46, 0.0], [10.0, 7.76, 4.4]]
Wall_S7.8_1_6.78_vertical_web [[6.875, 7.8, 0.0], [6.945, 7.96, 4.4]]
Wall_S7.8_1_6.78_vertical_flange [[6.805, 7.804, 0.0], [7.015, 7.832, 4.4]]
Wall_S7.8_1_6.78_vertical_flange.001 [[6.805, 7.932, 0.0], [7.015, 7.96, 4.4]]
Wall_S7.8_1_6.78_vertical_web.001 [[8.355, 7.8, 0.0], [8.425, 7.96, 4.4]]
Wall_S7.8_1_6.78_vertical_flange.002 [[8.285, 7.804, 0.0], [8.495, 7.832, 4.4]]
Wall_S7.8_1_6.78_vertical_flange.003 [[8.285, 7.932, 0.0], [8.495, 7.96, 4.4]]
Wall_S7.8_1_6.78_vertical_web.002 [[9.835, 7.8, 0.0], [9.905, 7.96, 4.4]]
Wall_S7.8_1_6.78_vertical_flange.004 [[9.765, 7.804, 0.0], [9.975, 7.832, 4.4]]
Wall_S7.8_1_6.78_vertical_flange.005 [[9.765, 7.932, 0.0], [9.975, 7.96, 4.4]]
Wall_S7.8_1_6.78_panel_joint [[8.384, 7.792, 1.3], [8.396, 7.808, 4.4]]
Wall_N12.2_0_4.4_concrete [[4.4, 12.24, 0.0], [6.07, 12.54, 4.4]]
Wall_N12.2_0_4.4_vertical_web [[5.905, 12.04, 0.0], [5.975, 12.2, 4.4]]
Wall_N12.2_0_4.4_vertical_flange [[5.835, 12.168, 0.0], [6.045, 12.196, 4.4]]
Wall_N12.2_0_4.4_vertical_flange.001 [[5.835, 12.04, 0.0], [6.045, 12.068, 4.4]]
Wall_N12.2_0_4.4_vertical_web.001 [[4.495, 12.04, 0.0], [4.565, 12.2, 4.4]]
Wall_N12.2_0_4.4_vertical_flange.002 [[4.425, 12.168, 0.0], [4.635, 12.196, 4.4]]
Wall_N12.2_0_4.4_vertical_flange.003 [[4.425, 12.04, 0.0], [4.635, 12.068, 4.4]]
Wall_N12.2_1_6.78_concrete [[6.78, 12.24, 0.0], [10.0, 12.54, 4.4]]
Wall_N12.2_1_6.78_vertical_web [[9.835, 12.04, 0.0], [9.905, 12.2, 4.4]]
Wall_N12.2_1_6.78_vertical_flange [[9.765, 12.168, 0.0], [9.975, 12.196, 4.4]]
Wall_N12.2_1_6.78_vertical_flange.001 [[9.765, 12.04, 0.0], [9.975, 12.068, 4.4]]
Wall_N12.2_1_6.78_vertical_web.001 [[8.355, 12.04, 0.0], [8.425, 12.2, 4.4]]
Wall_N12.2_1_6.78_vertical_flange.002 [[8.285, 12.168, 0.0], [8.495, 12.196, 4.4]]
Wall_N12.2_1_6.78_vertical_flange.003 [[8.285, 12.04, 0.0], [8.495, 12.068, 4.4]]
Wall_N12.2_1_6.78_vertical_web.002 [[6.875, 12.04, 0.0], [6.945, 12.2, 4.4]]
Wall_N12.2_1_6.78_vertical_flange.004 [[6.805, 12.168, 0.0], [7.015, 12.196, 4.4]]
Wall_N12.2_1_6.78_vertical_flange.005 [[6.805, 12.04, 0.0], [7.015, 12.068, 4.4]]
Wall_N12.2_1_6.78_panel_joint [[8.384, 12.192, 1.3], [8.396, 12.208, 4.4]]
Wall_S6.15_0_6.07_concrete [[6.07, 5.81, 0.0], [6.78, 6.11, 4.4]]
Wall_S6.15_0_6.07_vertical_web [[6.165, 6.15, 0.0], [6.235, 6.31, 4.4]]
Wall_S6.15_0_6.07_vertical_flange [[6.095, 6.154, 0.0], [6.305, 6.182, 4.4]]
Wall_S6.15_0_6.07_vertical_flange.001 [[6.095, 6.282, 0.0], [6.305, 6.31, 4.4]]
Wall_S6.15_0_6.07_vertical_web.001 [[6.615, 6.15, 0.0], [6.685, 6.31, 4.4]]
Wall_S6.15_0_6.07_vertical_flange.002 [[6.545, 6.154, 0.0], [6.755, 6.182, 4.4]]
Wall_S6.15_0_6.07_vertical_flange.003 [[6.545, 6.282, 0.0], [6.755, 6.31, 4.4]]
Wall_E6.78_0_6.15_concrete [[6.82, 6.15, 0.0], [7.12, 7.8, 4.4]]
Wall_E6.78_0_6.15_vertical_web [[6.62, 6.245, 0.0], [6.78, 6.315, 4.4]]
Wall_E6.78_0_6.15_vertical_flange [[6.748, 6.175, 0.0], [6.776, 6.385, 4.4]]
Wall_E6.78_0_6.15_vertical_flange.001 [[6.62, 6.175, 0.0], [6.648, 6.385, 4.4]]
Wall_E6.78_0_6.15_vertical_web.001 [[6.62, 7.635, 0.0], [6.78, 7.705, 4.4]]
Wall_E6.78_0_6.15_vertical_flange.002 [[6.748, 7.565, 0.0], [6.776, 7.775, 4.4]]
Wall_E6.78_0_6.15_vertical_flange.003 [[6.62, 7.565, 0.0], [6.648, 7.775, 4.4]]
Wall_E6.78_1_12.2_concrete [[6.82, 12.2, 0.0], [7.12, 13.85, 4.4]]
Wall_E6.78_1_12.2_vertical_web [[6.62, 12.295, 0.0], [6.78, 12.365, 4.4]]
Wall_E6.78_1_12.2_vertical_flange [[6.748, 12.225, 0.0], [6.776, 12.435, 4.4]]
Wall_E6.78_1_12.2_vertical_flange.001 [[6.62, 12.225, 0.0], [6.648, 12.435, 4.4]]
Wall_E6.78_1_12.2_vertical_web.001 [[6.62, 13.685, 0.0], [6.78, 13.755, 4.4]]
Wall_E6.78_1_12.2_vertical_flange.002 [[6.748, 13.615, 0.0], [6.776, 13.825, 4.4]]
Wall_E6.78_1_12.2_vertical_flange.003 [[6.62, 13.615, 0.0], [6.648, 13.825, 4.4]]
Wall_W6.07_0_6.15_concrete [[5.73, 6.15, 0.0], [6.03, 7.8, 4.4]]
Wall_W6.07_0_6.15_vertical_web [[6.07, 7.635, 0.0], [6.23, 7.705, 4.4]]
Wall_W6.07_0_6.15_vertical_flange [[6.074, 7.565, 0.0], [6.102, 7.775, 4.4]]
Wall_W6.07_0_6.15_vertical_flange.001 [[6.202, 7.565, 0.0], [6.23, 7.775, 4.4]]
Wall_W6.07_0_6.15_vertical_web.001 [[6.07, 6.245, 0.0], [6.23, 6.315, 4.4]]
Wall_W6.07_0_6.15_vertical_flange.002 [[6.074, 6.175, 0.0], [6.102, 6.385, 4.4]]
Wall_W6.07_0_6.15_vertical_flange.003 [[6.202, 6.175, 0.0], [6.23, 6.385, 4.4]]
Wall_W6.07_1_12.2_concrete [[5.73, 12.2, 0.0], [6.03, 13.85, 4.4]]
Wall_W6.07_1_12.2_vertical_web [[6.07, 13.685, 0.0], [6.23, 13.755, 4.4]]
Wall_W6.07_1_12.2_vertical_flange [[6.074, 13.615, 0.0], [6.102, 13.825, 4.4]]
Wall_W6.07_1_12.2_vertical_flange.001 [[6.202, 13.615, 0.0], [6.23, 13.825, 4.4]]
Wall_W6.07_1_12.2_vertical_web.001 [[6.07, 12.295, 0.0], [6.23, 12.365, 4.4]]
Wall_W6.07_1_12.2_vertical_flange.002 [[6.074, 12.225, 0.0], [6.102, 12.435, 4.4]]
Wall_W6.07_1_12.2_vertical_flange.003 [[6.202, 12.225, 0.0], [6.23, 12.435, 4.4]]
Wall_N13.85_0_6.07_concrete [[6.07, 13.89, 0.0], [6.78, 14.19, 4.4]]
Wall_N13.85_0_6.07_vertical_web [[6.615, 13.69, 0.0], [6.685, 13.85, 4.4]]
Wall_N13.85_0_6.07_vertical_flange [[6.545, 13.818, 0.0], [6.755, 13.846, 4.4]]
Wall_N13.85_0_6.07_vertical_flange.001 [[6.545, 13.69, 0.0], [6.755, 13.718, 4.4]]
Wall_N13.85_0_6.07_vertical_web.001 [[6.165, 13.69, 0.0], [6.235, 13.85, 4.4]]
Wall_N13.85_0_6.07_vertical_flange.002 [[6.095, 13.818, 0.0], [6.305, 13.846, 4.4]]
Wall_N13.85_0_6.07_vertical_flange.003 [[6.095, 13.69, 0.0], [6.305, 13.718, 4.4]]
Wall_W10_0_7_concrete [[9.66, 7.0, 0.0], [9.96, 7.8, 4.4]]
Wall_W10_0_7_vertical_web [[10.0, 7.635, 0.0], [10.16, 7.705, 4.4]]
Wall_W10_0_7_vertical_flange [[10.004, 7.565, 0.0], [10.032, 7.775, 4.4]]
Wall_W10_0_7_vertical_flange.001 [[10.132, 7.565, 0.0], [10.16, 7.775, 4.4]]
Wall_W10_0_7_vertical_web.001 [[10.0, 7.095, 0.0], [10.16, 7.165, 4.4]]
Wall_W10_0_7_vertical_flange.002 [[10.004, 7.025, 0.0], [10.032, 7.235, 4.4]]
Wall_W10_0_7_vertical_flange.003 [[10.132, 7.025, 0.0], [10.16, 7.235, 4.4]]
Wall_W10_1_12.2_concrete [[9.66, 12.2, 0.0], [9.96, 13.2, 4.4]]
Wall_W10_1_12.2_vertical_web [[10.0, 13.035, 0.0], [10.16, 13.105, 4.4]]
Wall_W10_1_12.2_vertical_flange [[10.004, 12.965, 0.0], [10.032, 13.175, 4.4]]
Wall_W10_1_12.2_vertical_flange.001 [[10.132, 12.965, 0.0], [10.16, 13.175, 4.4]]
Wall_W10_1_12.2_vertical_web.001 [[10.0, 12.295, 0.0], [10.16, 12.365, 4.4]]
Wall_W10_1_12.2_vertical_flange.002 [[10.004, 12.225, 0.0], [10.032, 12.435, 4.4]]
Wall_W10_1_12.2_vertical_flange.003 [[10.132, 12.225, 0.0], [10.16, 12.435, 4.4]]
Wall_N24_0_11.4_concrete [[11.4, 23.7, 0.0], [11.58, 24.0, 5.9]]
Wall_N24_0_11.4_vertical_web [[11.455, 23.5, 0.0], [11.525, 23.66, 5.9]]
Wall_N24_0_11.4_vertical_flange [[11.385, 23.628, 0.0], [11.595, 23.656, 5.9]]
Wall_N24_0_11.4_vertical_flange.001 [[11.385, 23.5, 0.0], [11.595, 23.528, 5.9]]
Wall_N24_0_16.82_concrete [[16.82, 23.7, 0.0], [17.0, 24.0, 5.9]]
Wall_N24_0_16.82_vertical_web [[16.875, 23.5, 0.0], [16.945, 23.66, 5.9]]
Wall_N24_0_16.82_vertical_flange [[16.805, 23.628, 0.0], [17.015, 23.656, 5.9]]
Wall_N24_0_16.82_vertical_flange.001 [[16.805, 23.5, 0.0], [17.015, 23.528, 5.9]]
Wall_W11.4_0_21_concrete [[11.06, 21.0, 0.0], [11.36, 24.0, 5.9]]
Wall_W11.4_0_21_vertical_web [[11.4, 23.835, 0.0], [11.56, 23.905, 5.9]]
Wall_W11.4_0_21_vertical_flange [[11.404, 23.765, 0.0], [11.432, 23.975, 5.9]]
Wall_W11.4_0_21_vertical_flange.001 [[11.532, 23.765, 0.0], [11.56, 23.975, 5.9]]
Wall_W11.4_0_21_vertical_web.001 [[11.4, 22.465, 0.0], [11.56, 22.535, 5.9]]
Wall_W11.4_0_21_vertical_flange.002 [[11.404, 22.395, 0.0], [11.432, 22.605, 5.9]]
Wall_W11.4_0_21_vertical_flange.003 [[11.532, 22.395, 0.0], [11.56, 22.605, 5.9]]
Wall_W11.4_0_21_vertical_web.002 [[11.4, 21.095, 0.0], [11.56, 21.165, 5.9]]
Wall_W11.4_0_21_vertical_flange.004 [[11.404, 21.025, 0.0], [11.432, 21.235, 5.9]]
Wall_W11.4_0_21_vertical_flange.005 [[11.532, 21.025, 0.0], [11.56, 21.235, 5.9]]
Wall_W11.4_0_21_panel_joint [[11.392, 22.494, 1.3], [11.408, 22.506, 5.9]]
Wall_E16.4_0_7_concrete [[16.44, 7.0, 0.0], [16.74, 14.68, 4.4]]
Wall_E16.4_0_7_vertical_web [[16.24, 7.095, 0.0], [16.4, 7.165, 4.4]]
Wall_E16.4_0_7_vertical_flange [[16.368, 7.025, 0.0], [16.396, 7.235, 4.4]]
Wall_E16.4_0_7_vertical_flange.001 [[16.24, 7.025, 0.0], [16.268, 7.235, 4.4]]
Wall_E16.4_0_7_vertical_web.001 [[16.24, 8.885, 0.0], [16.4, 8.955, 4.4]]
Wall_E16.4_0_7_vertical_flange.002 [[16.368, 8.815, 0.0], [16.396, 9.025, 4.4]]
Wall_E16.4_0_7_vertical_flange.003 [[16.24, 8.815, 0.0], [16.268, 9.025, 4.4]]
Wall_E16.4_0_7_vertical_web.002 [[16.24, 10.805, 0.0], [16.4, 10.875, 4.4]]
Wall_E16.4_0_7_vertical_flange.004 [[16.368, 10.735, 0.0], [16.396, 10.945, 4.4]]
Wall_E16.4_0_7_vertical_flange.005 [[16.24, 10.735, 0.0], [16.268, 10.945, 4.4]]
Wall_E16.4_0_7_vertical_web.003 [[16.24, 12.725, 0.0], [16.4, 12.795, 4.4]]
Wall_E16.4_0_7_vertical_flange.006 [[16.368, 12.655, 0.0], [16.396, 12.865, 4.4]]
Wall_E16.4_0_7_vertical_flange.007 [[16.24, 12.655, 0.0], [16.268, 12.865, 4.4]]
Wall_E16.4_0_7_vertical_web.004 [[16.24, 14.515, 0.0], [16.4, 14.585, 4.4]]
Wall_E16.4_0_7_vertical_flange.008 [[16.368, 14.445, 0.0], [16.396, 14.655, 4.4]]
Wall_E16.4_0_7_vertical_flange.009 [[16.24, 14.445, 0.0], [16.268, 14.655, 4.4]]
Wall_E16.4_0_7_panel_joint [[16.392, 8.914, 1.3], [16.408, 8.926, 4.4]]
Wall_E16.4_0_7_panel_joint.001 [[16.392, 10.834, 1.3], [16.408, 10.846, 4.4]]
Wall_E16.4_0_7_panel_joint.002 [[16.392, 12.754, 1.3], [16.408, 12.766, 4.4]]
Wall_E16.4_0_17.32_concrete [[16.44, 17.32, 0.0], [16.74, 21.0, 4.4]]
Wall_E16.4_0_17.32_vertical_web [[16.24, 17.415, 0.0], [16.4, 17.485, 4.4]]
Wall_E16.4_0_17.32_vertical_flange [[16.368, 17.345, 0.0], [16.396, 17.555, 4.4]]
Wall_E16.4_0_17.32_vertical_flange.001 [[16.24, 17.345, 0.0], [16.268, 17.555, 4.4]]
Wall_E16.4_0_17.32_vertical_web.001 [[16.24, 19.125, 0.0], [16.4, 19.195, 4.4]]
Wall_E16.4_0_17.32_vertical_flange.002 [[16.368, 19.055, 0.0], [16.396, 19.265, 4.4]]
Wall_E16.4_0_17.32_vertical_flange.003 [[16.24, 19.055, 0.0], [16.268, 19.265, 4.4]]
Wall_E16.4_0_17.32_vertical_web.002 [[16.24, 20.835, 0.0], [16.4, 20.905, 4.4]]
Wall_E16.4_0_17.32_vertical_flange.004 [[16.368, 20.765, 0.0], [16.396, 20.975, 4.4]]
Wall_E16.4_0_17.32_vertical_flange.005 [[16.24, 20.765, 0.0], [16.268, 20.975, 4.4]]
Wall_E16.4_0_17.32_panel_joint [[16.392, 19.154, 1.3], [16.408, 19.166, 4.4]]
Wall_W12_0_13.2_concrete [[11.66, 13.2, 0.0], [11.96, 18.0, 4.4]]
Wall_W12_0_13.2_vertical_web [[12.0, 17.835, 0.0], [12.16, 17.905, 4.4]]
Wall_W12_0_13.2_vertical_flange [[12.004, 17.765, 0.0], [12.032, 17.975, 4.4]]
Wall_W12_0_13.2_vertical_flange.001 [[12.132, 17.765, 0.0], [12.16, 17.975, 4.4]]
Wall_W12_0_13.2_vertical_web.001 [[12.0, 16.365, 0.0], [12.16, 16.435, 4.4]]
Wall_W12_0_13.2_vertical_flange.002 [[12.004, 16.295, 0.0], [12.032, 16.505, 4.4]]
Wall_W12_0_13.2_vertical_flange.003 [[12.132, 16.295, 0.0], [12.16, 16.505, 4.4]]
Wall_W12_0_13.2_vertical_web.002 [[12.0, 14.765, 0.0], [12.16, 14.835, 4.4]]
Wall_W12_0_13.2_vertical_flange.004 [[12.004, 14.695, 0.0], [12.032, 14.905, 4.4]]
Wall_W12_0_13.2_vertical_flange.005 [[12.132, 14.695, 0.0], [12.16, 14.905, 4.4]]
Wall_W12_0_13.2_vertical_web.003 [[12.0, 13.295, 0.0], [12.16, 13.365, 4.4]]
Wall_W12_0_13.2_vertical_flange.006 [[12.004, 13.225, 0.0], [12.032, 13.435, 4.4]]
Wall_W12_0_13.2_vertical_flange.007 [[12.132, 13.225, 0.0], [12.16, 13.435, 4.4]]
Wall_W12_0_13.2_panel_joint [[11.992, 15.594, 1.3], [12.008, 15.606, 4.4]]
Wall_S21_0_16.4_concrete [[16.4, 20.66, 0.0], [17.0, 20.96, 5.9]]
Wall_S21_0_16.4_vertical_web [[16.495, 21.0, 0.0], [16.565, 21.16, 5.9]]
Wall_S21_0_16.4_vertical_flange [[16.425, 21.004, 0.0], [16.635, 21.032, 5.9]]
Wall_S21_0_16.4_vertical_flange.001 [[16.425, 21.132, 0.0], [16.635, 21.16, 5.9]]
Wall_S21_0_16.4_vertical_web.001 [[16.835, 21.0, 0.0], [16.905, 21.16, 5.9]]
Wall_S21_0_16.4_vertical_flange.002 [[16.765, 21.004, 0.0], [16.975, 21.032, 5.9]]
Wall_S21_0_16.4_vertical_flange.003 [[16.765, 21.132, 0.0], [16.975, 21.16, 5.9]]
Wall_E17.0_0_21_concrete [[17.04, 21.0, 0.0], [17.34, 24.0, 5.9]]
Wall_E17.0_0_21_vertical_web [[16.84, 21.095, 0.0], [17.0, 21.165, 5.9]]
Wall_E17.0_0_21_vertical_flange [[16.968, 21.025, 0.0], [16.996, 21.235, 5.9]]
Wall_E17.0_0_21_vertical_flange.001 [[16.84, 21.025, 0.0], [16.868, 21.235, 5.9]]
Wall_E17.0_0_21_vertical_web.001 [[16.84, 22.465, 0.0], [17.0, 22.535, 5.9]]
Wall_E17.0_0_21_vertical_flange.002 [[16.968, 22.395, 0.0], [16.996, 22.605, 5.9]]
Wall_E17.0_0_21_vertical_flange.003 [[16.84, 22.395, 0.0], [16.868, 22.605, 5.9]]
Wall_E17.0_0_21_vertical_web.002 [[16.84, 23.835, 0.0], [17.0, 23.905, 5.9]]
Wall_E17.0_0_21_vertical_flange.004 [[16.968, 23.765, 0.0], [16.996, 23.975, 5.9]]
Wall_E17.0_0_21_vertical_flange.005 [[16.84, 23.765, 0.0], [16.868, 23.975, 5.9]]
Wall_E17.0_0_21_panel_joint [[16.992, 22.494, 1.3], [17.008, 22.506, 5.9]]
FREIGHT_GATE_lintel_roof [[6.14, 7.94, 3.61], [6.66, 12.06, 3.66]]
WASTE_PORT_lintel_roof [[15.69, 14.44, 3.21], [16.21, 17.56, 3.26]]
REACTOR_BOUNDARY_lintel_roof [[11.34, 23.29, 5.21], [17.06, 23.81, 5.26]]
REFINERY_BOUNDARY_lintel_roof [[-1.66, 0.19, 3.21], [1.66, 0.71, 3.26]]

## medical-reanimation
West wall [[-4.18, -0.18, 0.0], [-4.0, 9.18, 3.6]]
East wall [[4.0, -0.18, 0.0], [4.18, 9.18, 3.6]]
Entry wall [[-4.18, -0.18, 0.0], [-1.1, 0.0, 3.6]]
Entry wall.001 [[1.1, -0.18, 0.0], [4.18, 0.0, 3.6]]
Rear west wall [[-4.0, 9.0, 0.0], [1.55, 9.18, 3.6]]
Rear east wall [[2.75, 9.0, 0.0], [4.0, 9.18, 3.6]]
Chamber roof load beam [[-3.924, 2.49, 2.645], [-1.494, 6.77, 2.815]]

## mine
CSM_Facility_transition_wall [[-2.62, -22.0, 0.0], [-2.22, -14.0, 3.8]]
CSM_Facility_transition_wall.002 [[2.22, -22.0, 0.0], [2.62, -14.0, 3.8]]
CSM_Facility_transition_roof [[-2.525, -22.0, 3.76], [2.525, -14.0, 3.96]]
CSM_Canopy_roof_half [[-7.878, -13.95, 5.126], [0.018, 0.15, 5.744]]
CSM_Standing_roof_seam [[-0.369, -13.945, 5.672], [-0.331, 0.145, 5.719]]
CSM_Standing_roof_seam.002 [[-0.989, -13.945, 5.628], [-0.951, 0.145, 5.676]]
CSM_Standing_roof_seam.003 [[-1.609, -13.945, 5.585], [-1.571, 0.145, 5.632]]
CSM_Standing_roof_seam.004 [[-2.229, -13.945, 5.542], [-2.191, 0.145, 5.589]]
CSM_Standing_roof_seam.005 [[-2.849, -13.945, 5.498], [-2.811, 0.145, 5.546]]
CSM_Standing_roof_seam.006 [[-3.469, -13.945, 5.455], [-3.431, 0.145, 5.502]]
CSM_Standing_roof_seam.007 [[-4.089, -13.945, 5.411], [-4.051, 0.145, 5.459]]
CSM_Standing_roof_seam.008 [[-4.709, -13.945, 5.368], [-4.671, 0.145, 5.415]]
CSM_Standing_roof_seam.009 [[-5.329, -13.945, 5.325], [-5.291, 0.145, 5.372]]
CSM_Standing_roof_seam.010 [[-5.949, -13.945, 5.281], [-5.911, 0.145, 5.329]]
CSM_Standing_roof_seam.011 [[-6.569, -13.945, 5.238], [-6.531, 0.145, 5.285]]
CSM_Standing_roof_seam.012 [[-7.189, -13.945, 5.194], [-7.151, 0.145, 5.242]]
CSM_Canopy_roof_half.002 [[-0.018, -13.95, 5.126], [7.878, 0.15, 5.744]]
CSM_Standing_roof_seam.013 [[0.331, -13.945, 5.672], [0.369, 0.145, 5.719]]
CSM_Standing_roof_seam.014 [[0.951, -13.945, 5.628], [0.989, 0.145, 5.676]]
CSM_Standing_roof_seam.015 [[1.571, -13.945, 5.585], [1.609, 0.145, 5.632]]
CSM_Standing_roof_seam.016 [[2.191, -13.945, 5.542], [2.229, 0.145, 5.589]]
CSM_Standing_roof_seam.017 [[2.811, -13.945, 5.498], [2.849, 0.145, 5.546]]
CSM_Standing_roof_seam.018 [[3.431, -13.945, 5.455], [3.469, 0.145, 5.502]]
CSM_Standing_roof_seam.019 [[4.051, -13.945, 5.411], [4.089, 0.145, 5.459]]
CSM_Standing_roof_seam.020 [[4.671, -13.945, 5.368], [4.709, 0.145, 5.415]]
CSM_Standing_roof_seam.021 [[5.291, -13.945, 5.325], [5.329, 0.145, 5.372]]
CSM_Standing_roof_seam.022 [[5.911, -13.945, 5.281], [5.949, 0.145, 5.329]]
CSM_Standing_roof_seam.023 [[6.531, -13.945, 5.238], [6.569, 0.145, 5.285]]
CSM_Standing_roof_seam.024 [[7.151, -13.945, 5.194], [7.189, 0.145, 5.242]]
CSM_Portal_buttress [[-5.38, -0.32, 0.0], [-2.92, 0.88, 6.08]]
CSM_Portal_buttress.002 [[2.92, -0.32, 0.0], [5.38, 0.88, 6.08]]
CSM_Portal_inner_lining [[-3.26, 0.245, 0.0], [-2.94, 3.595, 3.32]]
CSM_Portal_inner_lining.002 [[2.94, 0.245, 0.0], [3.26, 3.595, 3.32]]
CSM_Shotcrete_portal_collar [[-3.2, -0.19, 0.0], [3.2, 1.49, 4.95]]
CSMV_Handoff side wall_0922 [[-7.9, -20.37, 0.0], [-2.26, -20.13, 5.0]]
CSMV_Handoff side wall_0932 [[2.26, -20.37, 0.0], [7.9, -20.13, 5.0]]
CSMV_Distant service wall_0968 [[-2.3, -27.51, 0.0], [2.3, -27.29, 4.0]]

## reactor-room
Shell 1 field [[-5.988, 10.8, 0.011], [-2.512, 11.08, 4.989]]
Shell 1 field.001 [[-5.988, 10.8, 5.011], [-2.512, 11.08, 9.589]]
Shell 1 field.002 [[-5.988, 10.8, 9.611], [-2.512, 11.08, 13.389]]
Shell 1 field.003 [[-5.988, 10.8, 13.411], [-2.512, 11.08, 15.989]]
Shell 1 field.004 [[-2.488, 10.8, 5.011], [-0.012, 11.08, 9.589]]
Shell 1 field.005 [[0.012, 10.8, 5.011], [2.488, 11.08, 9.589]]
Shell 1 field.006 [[-2.488, 10.8, 9.611], [-0.012, 11.08, 13.389]]
Shell 1 field.007 [[0.012, 10.8, 9.611], [2.488, 11.08, 13.389]]
Shell 1 field.010 [[2.512, 10.8, 0.011], [5.988, 11.08, 4.989]]
Shell 1 field.011 [[2.512, 10.8, 5.011], [5.988, 11.08, 9.589]]
Shell 1 field.012 [[2.512, 10.8, 9.611], [5.988, 11.08, 13.389]]
Shell 1 field.013 [[2.512, 10.8, 13.411], [5.988, 11.08, 15.989]]
FUEL HANDLING.link wall [[-2.82, 10.8, 0.0], [-2.5, 14.5, 5.0]]
FUEL HANDLING.link wall.001 [[2.5, 10.8, 0.0], [2.82, 14.5, 5.0]]
FUEL HANDLING.link roof [[-2.5, 10.8, 5.0], [2.5, 14.5, 5.24]]
Shell 2 field [[6.249, 8.649, 0.011], [8.83, 11.23, 4.989]]
Shell 2 field.001 [[8.649, 6.249, 0.011], [11.23, 8.83, 4.989]]
Shell 2 field.002 [[6.008, 8.408, 5.011], [8.59, 10.99, 9.589]]
Shell 2 field.003 [[8.408, 6.008, 5.011], [10.99, 8.59, 9.589]]
Shell 2 field.004 [[6.008, 8.408, 9.611], [8.59, 10.99, 13.389]]
Shell 2 field.005 [[8.408, 6.008, 9.611], [10.99, 8.59, 13.389]]
Shell 3 field [[10.8, 5.612, 0.011], [11.08, 5.988, 4.989]]
Shell 3 field.005 [[10.8, 5.612, 12.911], [11.08, 5.988, 15.989]]
Shell 3 field.010 [[10.8, 2.712, 12.911], [11.08, 5.588, 15.989]]
Shell 3 field.013 [[10.8, 1.612, 12.911], [11.08, 2.688, 15.989]]
Shell 3 field.014 [[10.8, -2.688, 0.011], [11.08, 1.588, 4.989]]
Shell 3 field.015 [[10.8, -2.688, 5.011], [11.08, 1.588, 7.989]]
Shell 3 field.017 [[10.8, -2.688, 12.911], [11.08, 1.588, 15.989]]
Shell 3 field.018 [[10.8, -5.988, 0.011], [11.08, -2.712, 4.989]]
Shell 3 field.019 [[10.8, -5.988, 5.011], [11.08, -2.712, 7.989]]
Shell 3 field.020 [[10.8, -5.988, 8.011], [11.08, -2.712, 10.189]]
Shell 3 field.022 [[10.8, -5.988, 10.311], [11.08, -2.712, 12.889]]
Shell 3 field.023 [[10.8, -5.988, 12.911], [11.08, -2.712, 15.989]]
Shell 4 field [[10.176, -6.822, 0.011], [10.99, -6.008, 4.989]]
Shell 4 field.001 [[10.176, -6.822, 5.011], [10.99, -6.008, 9.589]]
Shell 4 field.002 [[10.176, -6.822, 9.611], [10.99, -6.008, 13.389]]
Shell 4 field.004 [[8.408, -8.59, 5.011], [10.357, -6.641, 9.589]]
Shell 4 field.005 [[6.641, -10.357, 5.011], [8.59, -8.408, 9.589]]
Shell 4 field.006 [[8.408, -8.59, 9.611], [10.357, -6.641, 13.389]]
Shell 4 field.007 [[6.641, -10.357, 9.611], [8.59, -8.408, 13.389]]
Shell 4 field.010 [[6.008, -10.99, 0.011], [6.822, -10.176, 4.989]]
Shell 4 field.011 [[6.008, -10.99, 5.011], [6.822, -10.176, 9.589]]
Shell 4 field.012 [[6.008, -10.99, 9.611], [6.822, -10.176, 13.389]]
COOLING PLANT.link wall [[10.168, -9.249, 0.0], [13.01, -6.406, 5.0]]
COOLING PLANT.link wall.001 [[6.406, -13.01, 0.0], [9.249, -10.168, 5.0]]
COOLING PLANT.link roof [[6.632, -12.784, 5.0], [12.784, -6.632, 5.24]]
Shell 5 field [[2.012, -11.42, 0.011], [5.988, -11.14, 4.989]]
Shell 5 field.001 [[-1.988, -11.42, 0.011], [1.988, -11.14, 4.989]]
Shell 5 field.002 [[-5.988, -11.42, 0.011], [-2.012, -11.14, 4.989]]
Shell 5 field.003 [[2.012, -11.08, 5.011], [5.988, -10.8, 9.589]]
Shell 5 field.004 [[-1.988, -11.08, 5.011], [1.988, -10.8, 9.589]]
Shell 5 field.005 [[-5.988, -11.08, 5.011], [-2.012, -10.8, 9.589]]
Shell 5 field.006 [[2.012, -11.08, 9.611], [5.988, -10.8, 13.389]]
Shell 5 field.007 [[-1.988, -11.08, 9.611], [1.988, -10.8, 13.389]]
Shell 5 field.008 [[-5.988, -11.08, 9.611], [-2.012, -10.8, 13.389]]
Shell 5 field.009 [[2.012, -11.08, 13.411], [5.988, -10.8, 15.989]]
Shell 5 field.010 [[-1.988, -11.08, 13.411], [1.988, -10.8, 15.989]]
Shell 5 field.011 [[-5.988, -11.08, 13.411], [-2.012, -10.8, 15.989]]
Shell 6 field [[-8.59, -10.99, 0.011], [-6.008, -8.408, 4.989]]
Shell 6 field.001 [[-10.99, -8.59, 0.011], [-8.408, -6.008, 4.989]]
Shell 6 field.002 [[-8.59, -10.99, 5.011], [-6.008, -8.408, 9.589]]
Shell 6 field.003 [[-10.99, -8.59, 5.011], [-8.408, -6.008, 9.589]]
Shell 6 field.004 [[-8.59, -10.99, 9.611], [-6.008, -8.408, 13.389]]
Shell 6 field.005 [[-10.99, -8.59, 9.611], [-8.408, -6.008, 13.389]]
Shell 7 field.002 [[-11.08, -5.988, 5.511], [-10.8, -3.012, 9.589]]
Shell 7 field.003 [[-11.08, -5.988, 9.611], [-10.8, -3.012, 13.389]]
Shell 7 field.005 [[-11.08, -2.988, 5.511], [-10.8, -0.012, 9.589]]
Shell 7 field.006 [[-11.08, 0.012, 5.511], [-10.8, 2.988, 9.589]]
Shell 7 field.007 [[-11.08, -2.988, 9.611], [-10.8, -0.012, 13.389]]
Shell 7 field.008 [[-11.08, 0.012, 9.611], [-10.8, 2.988, 13.389]]
Shell 7 field.013 [[-11.08, 3.012, 5.511], [-10.8, 5.988, 9.589]]
Shell 7 field.014 [[-11.08, 3.012, 9.611], [-10.8, 5.988, 13.389]]
MAIN ACCESS.link wall [[-14.5, -3.32, 0.0], [-10.8, -3.0, 5.5]]
MAIN ACCESS.link wall.001 [[-14.5, 3.0, 0.0], [-10.8, 3.32, 5.5]]
MAIN ACCESS.link roof [[-14.5, -3.0, 5.5], [-10.8, 3.0, 5.74]]
Shell 8 field [[-11.23, 6.249, 0.011], [-8.649, 8.83, 4.989]]
Shell 8 field.001 [[-8.83, 8.649, 0.011], [-6.249, 11.23, 4.989]]
Shell 8 field.002 [[-10.99, 6.008, 5.011], [-8.408, 8.59, 9.589]]
Shell 8 field.003 [[-8.59, 8.408, 5.011], [-6.008, 10.99, 9.589]]
Shell 8 field.004 [[-10.99, 6.008, 9.611], [-8.408, 8.59, 13.389]]
Shell 8 field.005 [[-8.59, 8.408, 9.611], [-6.008, 10.99, 13.389]]
Gantry roof transfer member [[-7.8, -3.5, 15.65], [-7.4, 3.5, 15.95]]
Gantry roof transfer member.001 [[7.4, -3.5, 15.65], [7.8, 3.5, 15.95]]
Control east wall [[14.76, -3.4, 10.0], [14.96, 3.4, 13.4]]
Control south wall [[10.9, -3.4, 10.0], [15.06, -3.2, 13.4]]
Control roof [[10.9, -3.4, 13.4], [15.06, 3.4, 13.6]]
Vestibule roof [[11.16, 1.6, 5.0], [12.46, 5.6, 5.2]]
Stair core roof [[12.46, 3.2, 12.4], [18.71, 6.4, 12.6]]
Stair enamel wall protection [[12.71, 3.4, 0.0], [18.49, 3.414, 3.66]]
Stair enamel wall protection.003 [[12.71, 6.186, 2.5], [18.49, 6.2, 6.16]]
Stair enamel wall protection.004 [[12.71, 3.4, 5.0], [18.49, 3.414, 8.66]]
Stair enamel wall protection.007 [[12.71, 6.186, 7.5], [18.49, 6.2, 11.16]]
Continuous octagonal roof header [[-5.199, 9.233, 15.15], [5.199, 9.483, 15.85]]
Continuous octagonal roof header.001 [[5.114, 5.114, 15.15], [9.443, 9.443, 15.85]]
Continuous octagonal roof header.002 [[9.233, -5.199, 15.15], [9.483, 5.199, 15.85]]
Continuous octagonal roof header.003 [[5.114, -9.443, 15.15], [9.443, -5.114, 15.85]]
Continuous octagonal roof header.004 [[-5.199, -9.483, 15.15], [5.199, -9.233, 15.85]]
Continuous octagonal roof header.005 [[-9.443, -9.443, 15.15], [-5.114, -5.114, 15.85]]
Continuous octagonal roof header.006 [[-9.483, -5.199, 15.15], [-9.233, 5.199, 15.85]]
Continuous octagonal roof header.007 [[-9.443, 5.114, 15.15], [-5.114, 9.443, 15.85]]

## refinery
North_wall [[-7.807, 6.434, 0.0], [7.807, 6.734, 4.8]]

## spawn-room
BRIEFING_focal_wall [[-7.461, 1.0, 0.0], [-7.299, 6.1, 3.4]]

## turbine-room
West wall [[-4.25, 0.0, 0.0], [-4.0, 24.0, 7.2]]
East wall [[10.0, 0.0, 0.0], [10.25, 24.0, 7.2]]
End wall [[-4.0, 0.0, 0.0], [-1.2, 0.25, 7.2]]
End wall.001 [[1.2, 0.0, 0.0], [10.0, 0.25, 7.2]]
Overdoor wall [[-1.2, 0.0, 2.84], [1.2, 0.25, 7.2]]
End wall.002 [[-4.0, 24.0, 0.0], [-1.2, 24.25, 7.2]]
End wall.003 [[1.2, 24.0, 0.0], [10.0, 24.25, 7.2]]
Overdoor wall.001 [[-1.2, 24.0, 2.84], [1.2, 24.25, 7.2]]
Roof deck [[-4.25, -0.25, 7.2], [10.25, 24.25, 7.44]]
Roof girder web [[-3.8, 0.94, 6.4], [9.8, 1.06, 7.04]]
Roof girder flange [[-3.8, 0.79, 6.35], [9.8, 1.21, 6.41]]
Roof girder flange.001 [[-3.8, 0.79, 7.01], [9.8, 1.21, 7.07]]
Roof girder web.001 [[-3.8, 5.94, 6.4], [9.8, 6.06, 7.04]]
Roof girder flange.002 [[-3.8, 5.79, 6.35], [9.8, 6.21, 6.41]]
Roof girder flange.003 [[-3.8, 5.79, 7.01], [9.8, 6.21, 7.07]]
Roof girder web.002 [[-3.8, 10.94, 6.4], [9.8, 11.06, 7.04]]
Roof girder flange.004 [[-3.8, 10.79, 6.35], [9.8, 11.21, 6.41]]
Roof girder flange.005 [[-3.8, 10.79, 7.01], [9.8, 11.21, 7.07]]
Roof girder web.003 [[-3.8, 15.94, 6.4], [9.8, 16.06, 7.04]]
Roof girder flange.006 [[-3.8, 15.79, 6.35], [9.8, 16.21, 6.41]]
Roof girder flange.007 [[-3.8, 15.79, 7.01], [9.8, 16.21, 7.07]]
Roof girder web.004 [[-3.8, 20.94, 6.4], [9.8, 21.06, 7.04]]
Roof girder flange.008 [[-3.8, 20.79, 6.35], [9.8, 21.21, 6.41]]
Roof girder flange.009 [[-3.8, 20.79, 7.01], [9.8, 21.21, 7.07]]
Roof girder web.005 [[-3.8, 23.54, 6.4], [9.8, 23.66, 7.04]]
Roof girder flange.010 [[-3.8, 23.39, 6.35], [9.8, 23.81, 6.41]]
Roof girder flange.011 [[-3.8, 23.39, 7.01], [9.8, 23.81, 7.07]]
Roof purlin [[-1.05, 0.0, 6.94], [-0.95, 24.0, 7.1]]
Roof purlin.001 [[2.95, 0.0, 6.94], [3.05, 24.0, 7.1]]
Roof purlin.002 [[6.95, 0.0, 6.94], [7.05, 24.0, 7.1]]
Wall casting joint [[-4.0, 19.746, 1.0], [-3.996, 19.754, 6.2]]
Wall casting joint.001 [[-4.0, 22.896, 1.0], [-3.996, 22.904, 6.2]]
Generator roof cooling fin [[4.077, 14.67, 3.03], [4.122, 18.43, 3.15]]
Generator roof cooling fin.001 [[4.207, 14.67, 3.03], [4.253, 18.43, 3.15]]
Generator roof cooling fin.002 [[4.338, 14.67, 3.03], [4.383, 18.43, 3.15]]
Generator roof cooling fin.003 [[4.467, 14.67, 3.03], [4.512, 18.43, 3.15]]
Generator roof cooling fin.004 [[4.597, 14.67, 3.03], [4.642, 18.43, 3.15]]
Generator roof cooling fin.005 [[4.727, 14.67, 3.03], [4.773, 18.43, 3.15]]
Generator roof cooling fin.006 [[4.858, 14.67, 3.03], [4.903, 18.43, 3.15]]
Generator roof cooling fin.007 [[4.988, 14.67, 3.03], [5.033, 18.43, 3.15]]
Generator roof cooling fin.008 [[5.117, 14.67, 3.03], [5.162, 18.43, 3.15]]
Wall panel vertical reveal [[-3.978, 3.492, 0.975], [-3.962, 3.508, 6.125]]
Wall panel vertical reveal.001 [[-3.978, 8.492, 0.975], [-3.962, 8.508, 6.125]]
Wall panel vertical reveal.002 [[-3.978, 13.492, 0.975], [-3.962, 13.508, 6.125]]
Wall panel vertical reveal.003 [[-3.978, 18.492, 0.975], [-3.962, 18.508, 6.125]]
Wall panel vertical reveal.004 [[9.962, 3.492, 0.975], [9.978, 3.508, 6.125]]
Wall panel vertical reveal.005 [[9.962, 8.492, 0.975], [9.978, 8.508, 6.125]]
Wall panel vertical reveal.006 [[9.962, 13.492, 0.975], [9.978, 13.508, 6.125]]
Wall panel vertical reveal.007 [[9.962, 18.492, 0.975], [9.978, 18.508, 6.125]]

## waste-storage
West Wall [[-6.32, 0.0, 0.0], [-6.0, 18.0, 4.8]]
East Wall [[6.0, 0.0, 0.0], [6.32, 1.8, 4.8]]
East Wall.001 [[6.0, 3.0, 0.0], [6.32, 18.0, 4.8]]
Receiving wall [[-6.0, -0.32, 0.0], [-1.5, 0.0, 4.8]]
Receiving wall.001 [[1.5, -0.32, 0.0], [6.0, 0.0, 4.8]]
Dispatch wall [[-6.0, 18.0, 0.0], [-1.2, 18.32, 4.8]]
Dispatch wall.001 [[1.2, 18.0, 0.0], [6.0, 18.32, 4.8]]
Steel portal reveal [[1.5, -0.16, 0.0], [1.63, 0.16, 3.2]]
Steel portal reveal.001 [[-1.63, -0.16, 0.0], [-1.5, 0.16, 3.2]]
Roof beam web [[-5.9, 4.395, 4.38], [5.9, 4.505, 4.72]]
Roof beam flange [[-5.9, 4.275, 4.34], [5.9, 4.625, 4.38]]
Roof beam flange.001 [[-5.9, 4.275, 4.72], [5.9, 4.625, 4.76]]
Roof beam web.001 [[-5.9, 8.995, 4.38], [5.9, 9.105, 4.72]]
Roof beam flange.002 [[-5.9, 8.875, 4.34], [5.9, 9.225, 4.38]]
Roof beam flange.003 [[-5.9, 8.875, 4.72], [5.9, 9.225, 4.76]]
Roof beam web.002 [[-5.9, 13.695, 4.38], [5.9, 13.805, 4.72]]
Roof beam flange.004 [[-5.9, 13.575, 4.34], [5.9, 13.925, 4.38]]
Roof beam flange.005 [[-5.9, 13.575, 4.72], [5.9, 13.925, 4.76]]
Roof beam web.003 [[-5.9, 17.595, 4.38], [5.9, 17.705, 4.72]]
Roof beam flange.006 [[-5.9, 17.475, 4.34], [5.9, 17.825, 4.38]]
Roof beam flange.007 [[-5.9, 17.475, 4.72], [5.9, 17.825, 4.76]]
Longitudinal roof purlin [[-3.045, 0.0, 4.74], [-2.955, 18.0, 4.8]]
Longitudinal roof purlin.001 [[-0.045, 0.0, 4.74], [0.045, 18.0, 4.8]]
Longitudinal roof purlin.002 [[2.955, 0.0, 4.74], [3.045, 18.0, 4.8]]